# Camera list with one line of data per camera:
#   CAMERA_ID, MODEL, WIDTH, HEIGHT, PARAMS[]
# Number of cameras: 64
100 SIMPLE_RADIAL 640 360 411.3354481710345 320 180 -0.34427056538069473
99 SIMPLE_RADIAL 640 360 407.28483627172312 320 180 -0.30740509456467857
98 SIMPLE_RADIAL 640 360 408.15803685177963 320 180 -0.33230901706671084
97 SIMPLE_RADIAL 640 360 415.81528912201225 320 180 -0.37843107986788138
96 SIMPLE_RADIAL 640 360 407.60704141940278 320 180 -0.35453970611399699
5 SIMPLE_RADIAL 640 360 426.79337671979278 320 180 -0.67897956376081192
93 SIMPLE_RADIAL 640 360 420.7910430078781 320 180 -0.5286490802030277
34 SIMPLE_RADIAL 640 360 453.64343416397566 320 180 0.083891989569914935
35 SIMPLE_RADIAL 640 360 452.15700643364897 320 180 -0.10541648708800896
94 SIMPLE_RADIAL 640 360 422.32951331664248 320 180 -0.50357788045042229
6 SIMPLE_RADIAL 640 360 461.88271301523832 320 180 -0.93256870767436517
36 SIMPLE_RADIAL 640 360 461.99370860528484 320 180 -0.1395512649244697
95 SIMPLE_RADIAL 640 360 411.73784297617954 320 180 -0.38603989900712282
7 SIMPLE_RADIAL 640 360 439.50294766354722 320 180 -0.77814375545682268
68 SIMPLE_RADIAL 640 360 379.68708012011655 320 180 -0.10258655488884534
9 SIMPLE_RADIAL 640 360 418.10686719786321 320 180 -0.7679427484859036
10 SIMPLE_RADIAL 640 360 447.34062628155954 320 180 -0.93443484206309957
69 SIMPLE_RADIAL 640 360 377.7498295635254 320 180 -0.098909038162946147
71 SIMPLE_RADIAL 640 360 384.49520559184953 320 180 -0.052276562609180698
12 SIMPLE_RADIAL 640 360 410.67776157745311 320 180 -0.16655335136940763
13 SIMPLE_RADIAL 640 360 425.91888918026325 320 180 -0.29868178168151777
72 SIMPLE_RADIAL 640 360 373.0403800421638 320 180 -0.010974841294042277
80 SIMPLE_RADIAL 640 360 387.69143881727501 320 180 0.013030634382027808
79 SIMPLE_RADIAL 640 360 404.62819417316518 320 180 -0.0063332290768873915
78 SIMPLE_RADIAL 640 360 403.22028793103726 320 180 -0.014311056283260922
77 SIMPLE_RADIAL 640 360 387.53803715520775 320 180 -0.079230464088018912
38 SIMPLE_RADIAL 640 360 463.98908355684119 320 180 -0.25540327522994494
76 SIMPLE_RADIAL 640 360 372.57887691559256 320 180 -0.097402434762952128
8 SIMPLE_RADIAL 640 360 425.73731363083175 320 180 -0.7712447277890887
37 SIMPLE_RADIAL 640 360 469.73386420505813 320 180 -0.24418417325419109
75 SIMPLE_RADIAL 640 360 367.69202329777755 320 180 -0.077195542288447258
70 SIMPLE_RADIAL 640 360 373.1111317413181 320 180 -0.074882415218505124
57 SIMPLE_RADIAL 640 360 1086.4000181811593 320 180 0.17041480461491729
59 SIMPLE_RADIAL 640 360 805.63155915988068 320 180 -0.32190645819895392
58 SIMPLE_RADIAL 640 360 884.15389126403682 320 180 -0.17601316337042369
4 SIMPLE_RADIAL 640 360 432.06154240944318 320 180 -0.6944819920227735
92 SIMPLE_RADIAL 640 360 442.35638181078383 320 180 -0.63553737627525697
33 SIMPLE_RADIAL 640 360 456.63698244484993 320 180 0.070450165541623713
3 SIMPLE_RADIAL 640 360 406.95726628279027 320 180 -0.56365006541930829
91 SIMPLE_RADIAL 640 360 456.08586931737256 320 180 -0.70265189072893475
32 SIMPLE_RADIAL 640 360 444.83416764664867 320 180 0.12409643351764632
61 SIMPLE_RADIAL 640 360 665.29301565607443 320 180 -0.56311215157034245
2 SIMPLE_RADIAL 640 360 413.43804845526887 320 180 -0.54366079268198209
90 SIMPLE_RADIAL 640 360 476.6710924660922 320 180 -0.77153793916471114
31 SIMPLE_RADIAL 640 360 434.42793903596714 320 180 0.077581452732877976
73 SIMPLE_RADIAL 640 360 382.37940520455066 320 180 -0.070268277634970192
14 SIMPLE_RADIAL 640 360 438.23854730232313 320 180 -0.48553577044874424
60 SIMPLE_RADIAL 640 360 731.81998433511421 320 180 -0.42236934274142512
1 SIMPLE_RADIAL 640 360 391.91969020237923 320 180 -0.44034388303025651
30 SIMPLE_RADIAL 640 360 426.49380780475002 320 180 0.16200090208768617
74 SIMPLE_RADIAL 640 360 380.45152427705506 320 180 -0.17669469975294505
15 SIMPLE_RADIAL 640 360 467.23796606497893 320 180 -0.7802230593377375
81 SIMPLE_RADIAL 640 360 392.05191589392234 320 180 0.064562856471322386
22 SIMPLE_RADIAL 640 360 431.02547889452859 320 180 0.20481880063120514
82 SIMPLE_RADIAL 640 360 387.64053463522072 320 180 0.048345469628816119
23 SIMPLE_RADIAL 640 360 421.23826587529226 320 180 0.26642363376595024
83 SIMPLE_RADIAL 640 360 374.01521154466843 320 180 0.10988765094497699
24 SIMPLE_RADIAL 640 360 415.98588337722902 320 180 0.15730417512707764
84 SIMPLE_RADIAL 640 360 429.68535187907025 320 180 -0.67211409305702097
25 SIMPLE_RADIAL 640 360 442.41211346235667 320 180 0.089807745792027091
26 SIMPLE_RADIAL 640 360 439.35731331198735 320 180 -0.084790964623864998
27 SIMPLE_RADIAL 640 360 435.15079122557688 320 180 0.028599172174651757
28 SIMPLE_RADIAL 640 360 405.38261040026345 320 180 0.06908140593061797
29 SIMPLE_RADIAL 640 360 429.06242625302025 320 180 0.094468210087721757
